local cfr = CFrame.new

return {
	{
		tm = 0;
		["Torso"] = {
			cf = cfr(0,0,0,1,0,0,0,1,0,0,0,1);
			es = "Linear";
			ed = "In";
		};
		["Left Leg"] = {
			cf = cfr(0,0,0,1,0,0,0,1,0,0,0,1);
			es = "Linear";
			ed = "In";
		};
		["Right Arm"] = {
			cf = cfr(-.009,-.761,.291,-.402,-.388,.829,.18,-.921,-.344,.898,.011,.441);
			es = "Linear";
			ed = "In";
		};
		["Handle"] = {
			cf = cfr(.985,.089,-.85,.284,-.669,.687,.126,.736,.665,-.951,-.102,.293);
			es = "Linear";
			ed = "In";
		};
		["Head"] = {
			cf = cfr(0,0,0,1,0,0,0,1,0,0,0,1);
			es = "Linear";
			ed = "In";
		};
		["Right Leg"] = {
			cf = cfr(0,0,0,1,0,0,0,1,0,0,0,1);
			es = "Linear";
			ed = "In";
		};
		["Left Arm"] = {
			cf = cfr(0,0,0,1,0,0,0,1,0,0,0,1);
			es = "Linear";
			ed = "In";
		};
	};
	{
		tm = .1;
		["Torso"] = {
			cf = cfr(0,0,-.25,1,0,0,0,1,0,0,0,1);
			es = "Linear";
			ed = "In";
		};
		["Left Leg"] = {
			cf = cfr(-.364,0,0,.695,.719,0,-.719,.695,0,0,0,1);
			es = "Linear";
			ed = "In";
		};
		["Right Arm"] = {
			cf = cfr(-.009,-.761,.291,-.402,-.388,.829,.18,-.921,-.344,.898,.011,.441);
			es = "Linear";
			ed = "In";
		};
		["Handle"] = {
			cf = cfr(.985,.089,-.85,.284,-.669,.687,.126,.736,.665,-.951,-.102,.293);
			es = "Linear";
			ed = "In";
		};
		["Head"] = {
			cf = cfr(0,0,0,1,0,0,0,1,0,0,0,1);
			es = "Linear";
			ed = "In";
		};
		["Right Leg"] = {
			cf = cfr(-.255,0,0,.695,.719,0,-.719,.695,0,0,0,1);
			es = "Linear";
			ed = "In";
		};
		["Left Arm"] = {
			cf = cfr(0,0,0,.559,-.829,0,.829,.559,0,0,0,1);
			es = "Linear";
			ed = "In";
		};
	};
	{
		tm = .133;
		["Torso"] = {
			cf = cfr(0,0,-.276,1,0,0,0,1,0,0,0,1);
			es = "Linear";
			ed = "In";
		};
		["Left Leg"] = {
			cf = cfr(-.364,0,0,.656,.755,0,-.755,.656,0,0,0,1);
			es = "Linear";
			ed = "In";
		};
		["Right Arm"] = {
			cf = cfr(-.009,-.761,.291,-.402,-.388,.829,.18,-.921,-.344,.898,.011,.441);
			es = "Linear";
			ed = "In";
		};
		["Handle"] = {
			cf = cfr(.985,.089,-.85,.284,-.669,.687,.126,.736,.665,-.951,-.102,.293);
			es = "Linear";
			ed = "In";
		};
		["Head"] = {
			cf = cfr(0,0,0,1,0,0,0,1,0,0,0,1);
			es = "Linear";
			ed = "In";
		};
		["Right Leg"] = {
			cf = cfr(-.255,0,0,.629,.777,0,-.777,.629,0,0,0,1);
			es = "Linear";
			ed = "In";
		};
		["Left Arm"] = {
			cf = cfr(0,0,0,.407,-.914,0,.914,.407,0,0,0,1);
			es = "Linear";
			ed = "In";
		};
	};
	{
		tm = .167;
		["Torso"] = {
			cf = cfr(0,0,-.276,1,0,0,0,1,0,0,0,1);
			es = "Linear";
			ed = "In";
		};
		["Left Leg"] = {
			cf = cfr(-.364,0,0,.602,.799,0,-.799,.602,0,0,0,1);
			es = "Linear";
			ed = "In";
		};
		["Right Arm"] = {
			cf = cfr(-.009,-.761,.291,-.402,-.388,.829,.18,-.921,-.344,.898,.011,.441);
			es = "Linear";
			ed = "In";
		};
		["Handle"] = {
			cf = cfr(.985,.089,-.85,.284,-.669,.687,.126,.736,.665,-.951,-.102,.293);
			es = "Linear";
			ed = "In";
		};
		["Head"] = {
			cf = cfr(0,0,0,1,0,0,0,1,0,0,0,1);
			es = "Linear";
			ed = "In";
		};
		["Right Leg"] = {
			cf = cfr(-.255,0,0,.616,.788,0,-.788,.616,0,0,0,1);
			es = "Linear";
			ed = "In";
		};
		["Left Arm"] = {
			cf = cfr(0,0,0,.342,-.94,0,.94,.342,0,0,0,1);
			es = "Linear";
			ed = "In";
		};
	};
	{
		tm = .3;
		["Torso"] = {
			cf = cfr(0,0,0,1,0,0,0,1,0,0,0,1);
			es = "Linear";
			ed = "In";
		};
		["Left Leg"] = {
			cf = cfr(0,0,0,1,0,0,0,1,0,0,0,1);
			es = "Linear";
			ed = "In";
		};
		["Right Arm"] = {
			cf = cfr(-.009,-.761,.291,-.402,-.388,.829,.18,-.921,-.344,.898,.011,.441);
			es = "Linear";
			ed = "In";
		};
		["Handle"] = {
			cf = cfr(.985,.089,-.85,.284,-.669,.687,.126,.736,.665,-.951,-.102,.293);
			es = "Linear";
			ed = "In";
		};
		["Head"] = {
			cf = cfr(0,0,0,1,0,0,0,1,0,0,0,1);
			es = "Linear";
			ed = "In";
		};
		["Right Leg"] = {
			cf = cfr(0,0,0,1,0,0,0,1,0,0,0,1);
			es = "Linear";
			ed = "In";
		};
		["Left Arm"] = {
			cf = cfr(0,0,0,1,0,0,0,1,0,0,0,1);
			es = "Linear";
			ed = "In";
		};
	};
	{
		tm = .4;
		["Torso"] = {
			cf = cfr(0,0,-.314,1,0,0,0,1,0,0,0,1);
			es = "Linear";
			ed = "In";
		};
		["Left Leg"] = {
			cf = cfr(-.034,0,0,.656,-.755,0,.755,.656,0,0,0,1);
			es = "Linear";
			ed = "In";
		};
		["Right Arm"] = {
			cf = cfr(-.009,-.761,.291,-.402,-.388,.829,.18,-.921,-.344,.898,.011,.441);
			es = "Linear";
			ed = "In";
		};
		["Handle"] = {
			cf = cfr(.985,.089,-.85,.284,-.669,.687,.126,.736,.665,-.951,-.102,.293);
			es = "Linear";
			ed = "In";
		};
		["Head"] = {
			cf = cfr(0,0,0,1,0,0,0,1,0,0,0,1);
			es = "Linear";
			ed = "In";
		};
		["Right Leg"] = {
			cf = cfr(.256,0,0,.682,-.731,0,.731,.682,0,0,0,1);
			es = "Linear";
			ed = "In";
		};
		["Left Arm"] = {
			cf = cfr(0,0,0,.438,.899,0,-.899,.438,0,0,0,1);
			es = "Linear";
			ed = "In";
		};
	};
	{
		tm = .433;
		["Left Leg"] = {
			cf = cfr(.023,0,0,.643,-.766,0,.766,.643,0,0,0,1);
			es = "Linear";
			ed = "In";
		};
		["Right Leg"] = {
			cf = cfr(.256,0,0,.669,-.743,0,.743,.669,0,0,0,1);
			es = "Linear";
			ed = "In";
		};
		["Left Arm"] = {
			cf = cfr(0,0,0,.423,.906,0,-.906,.423,0,0,0,1);
			es = "Linear";
			ed = "In";
		};
	};
	{
		tm = .567;
		["Torso"] = {
			cf = cfr(0,0,0,1,0,0,0,1,0,0,0,1);
			es = "Linear";
			ed = "In";
		};
		["Left Leg"] = {
			cf = cfr(0,0,0,1,0,0,0,1,0,0,0,1);
			es = "Linear";
			ed = "In";
		};
		["Right Arm"] = {
			cf = cfr(-.009,-.761,.291,-.402,-.388,.829,.18,-.921,-.344,.898,.011,.441);
			es = "Linear";
			ed = "In";
		};
		["Handle"] = {
			cf = cfr(.985,.089,-.85,.284,-.669,.687,.126,.736,.665,-.951,-.102,.293);
			es = "Linear";
			ed = "In";
		};
		["Head"] = {
			cf = cfr(0,0,0,1,0,0,0,1,0,0,0,1);
			es = "Linear";
			ed = "In";
		};
		["Right Leg"] = {
			cf = cfr(0,0,0,1,0,0,0,1,0,0,0,1);
			es = "Linear";
			ed = "In";
		};
		["Left Arm"] = {
			cf = cfr(0,0,0,1,0,0,0,1,0,0,0,1);
			es = "Linear";
			ed = "In";
		};
	};
}
