local cfr = CFrame.new

return {
	{
		tm = 0;
		["Torso"] = {
			cf = cfr(0,0,0,.799,.602,-.004,-.601,.798,.035,.024,-.026,.999);
			es = "Constant";
			ed = "In";
		};
		["Left Leg"] = {
			cf = cfr(-.023,0,-.031,.988,-.087,.129,.071,.99,.125,-.138,-.115,.984);
			es = "Constant";
			ed = "In";
		};
		["Right Leg"] = {
			cf = cfr(.21,-.001,.196,.85,.126,-.511,-.192,.978,-.078,.49,.164,.856);
			es = "Constant";
			ed = "In";
		};
		["Head"] = {
			cf = cfr(0,0,0,.888,-.452,.082,.457,.855,-.244,.04,.255,.966);
			es = "Constant";
			ed = "In";
		};
		["Right Arm"] = {
			cf = cfr(.605,-1.531,.455,.317,-.335,-.887,.229,-.881,.415,-.92,-.335,-.202);
			es = "Constant";
			ed = "In";
		};
		["Handle"] = {
			cf = cfr(.991,-.331,-.721,.359,-.732,.579,.759,.59,.275,-.543,.341,.767);
			es = "Constant";
			ed = "In";
		};
		["Left Arm"] = {
			cf = cfr(.318,.008,.006,.157,.983,.092,-.576,.167,-.8,-.802,.072,.593);
			es = "Constant";
			ed = "In";
		};
	};
	{
		tm = .5;
		["Torso"] = {
			cf = cfr(0,0,0,.787,.616,-.038,-.615,.788,.035,.052,-.004,.999);
			es = "Constant";
			ed = "In";
		};
		["Left Leg"] = {
			cf = cfr(-.023,0,-.031,.979,-.094,.18,.072,.989,.127,-.19,-.111,.975);
			es = "Constant";
			ed = "In";
		};
		["Right Leg"] = {
			cf = cfr(.21,-.001,.196,.795,.106,-.598,-.188,.979,-.077,.577,.174,.798);
			es = "Constant";
			ed = "In";
		};
		["Head"] = {
			cf = cfr(0,0,0,.889,-.445,.106,.457,.854,-.247,.019,.268,.963);
			es = "Constant";
			ed = "In";
		};
		["Right Arm"] = {
			cf = cfr(.742,-1.393,.564,.296,-.259,-.92,.153,-.937,.313,-.943,-.233,-.238);
			es = "Constant";
			ed = "In";
		};
		["Handle"] = {
			cf = cfr(1.034,-.247,-.784,.359,-.732,.579,.759,.59,.275,-.543,.341,.767);
			es = "Constant";
			ed = "In";
		};
		["Left Arm"] = {
			cf = cfr(.318,.008,.006,-.023,.973,.229,-.58,.174,-.796,-.814,-.151,.56);
			es = "Constant";
			ed = "In";
		};
	};
	{
		tm = 1;
		["Torso"] = {
			cf = cfr(0,0,0,.807,.584,-.092,-.589,.808,-.036,.053,.083,.995);
			es = "Constant";
			ed = "In";
		};
		["Left Leg"] = {
			cf = cfr(-.023,0,-.031,.972,-.1,.213,.074,.989,.124,-.224,-.105,.969);
			es = "Constant";
			ed = "In";
		};
		["Right Leg"] = {
			cf = cfr(.222,.001,.212,.82,.052,-.569,-.091,.995,-.039,.565,.084,.821);
			es = "Constant";
			ed = "In";
		};
		["Head"] = {
			cf = cfr(0,0,0,.873,-.474,.117,.488,.838,-.245,.018,.271,.962);
			es = "Constant";
			ed = "In";
		};
		["Right Arm"] = {
			cf = cfr(.66,-1.331,.591,.293,-.219,-.931,.112,-.959,.261,-.95,-.18,-.256);
			es = "Constant";
			ed = "In";
		};
		["Handle"] = {
			cf = cfr(1.054,-.206,-.817,.359,-.732,.579,.759,.59,.275,-.543,.341,.767);
			es = "Constant";
			ed = "In";
		};
		["Left Arm"] = {
			cf = cfr(.318,.008,.006,-.173,.925,.337,-.564,.188,-.804,-.807,-.33,.489);
			es = "Constant";
			ed = "In";
		};
	};
	{
		tm = 1.5;
		["Torso"] = {
			cf = cfr(0,0,0,.828,.557,-.073,-.56,.828,-.039,.039,.073,.997);
			es = "Constant";
			ed = "In";
		};
		["Left Leg"] = {
			cf = cfr(-.023,0,-.031,.972,-.1,.213,.074,.989,.124,-.224,-.105,.969);
			es = "Constant";
			ed = "In";
		};
		["Right Leg"] = {
			cf = cfr(.222,.001,.212,.821,.033,-.57,-.058,.998,-.027,.568,.055,.821);
			es = "Constant";
			ed = "In";
		};
		["Right Arm"] = {
			cf = cfr(.58,-1.257,.638,.292,-.19,-.937,.079,-.972,.222,-.953,-.139,-.269);
			es = "Constant";
			ed = "In";
		};
		["Left Arm"] = {
			cf = cfr(.318,.008,.006,-.337,.855,.395,-.48,.206,-.853,-.81,-.477,.341);
			es = "Constant";
			ed = "In";
		};
	};
	{
		tm = 2;
		["Torso"] = {
			cf = cfr(0,0,0,.808,.585,-.074,-.589,.808,-.036,.039,.073,.997);
			es = "Constant";
			ed = "In";
		};
		["Left Leg"] = {
			cf = cfr(-.023,0,-.031,.972,-.1,.213,.074,.989,.124,-.224,-.105,.969);
			es = "Constant";
			ed = "In";
		};
		["Right Leg"] = {
			cf = cfr(.222,.001,.212,.821,.033,-.57,-.058,.998,-.027,.568,.055,.821);
			es = "Constant";
			ed = "In";
		};
		["Head"] = {
			cf = cfr(0,0,0,.873,-.474,.117,.488,.838,-.245,.018,.271,.962);
			es = "Constant";
			ed = "In";
		};
		["Right Arm"] = {
			cf = cfr(.585,-1.328,.641,.292,-.19,-.937,.079,-.972,.222,-.953,-.139,-.269);
			es = "Constant";
			ed = "In";
		};
		["Handle"] = {
			cf = cfr(1.054,-.206,-.817,.359,-.732,.579,.759,.59,.275,-.543,.341,.767);
			es = "Constant";
			ed = "In";
		};
		["Left Arm"] = {
			cf = cfr(.318,.008,.006,-.419,.813,.405,-.483,.178,-.857,-.769,-.555,.318);
			es = "Constant";
			ed = "In";
		};
	};
	{
		tm = 2.5;
		["Torso"] = {
			cf = cfr(0,0,0,.808,.586,-.057,-.589,.808,-.036,.025,.063,.998);
			es = "Constant";
			ed = "In";
		};
		["Right Leg"] = {
			cf = cfr(.222,.001,.212,.831,.034,-.556,-.058,.998,-.025,.554,.053,.831);
			es = "Constant";
			ed = "In";
		};
		["Right Arm"] = {
			cf = cfr(.594,-1.491,.644,.293,-.221,-.93,.11,-.959,.262,-.95,-.179,-.257);
			es = "Constant";
			ed = "In";
		};
		["Left Arm"] = {
			cf = cfr(.33,.007,.023,-.411,.868,.277,-.387,.109,-.916,-.825,-.484,.291);
			es = "Constant";
			ed = "In";
		};
	};
	{
		tm = 3;
		["Torso"] = {
			cf = cfr(0,0,0,.807,.584,-.092,-.585,.811,.016,.084,.041,.996);
			es = "Constant";
			ed = "In";
		};
		["Right Leg"] = {
			cf = cfr(.222,.001,.212,.831,.034,-.556,-.058,.998,-.025,.554,.053,.831);
			es = "Constant";
			ed = "In";
		};
		["Right Arm"] = {
			cf = cfr(.596,-1.521,.645,.293,-.221,-.93,.11,-.959,.262,-.95,-.179,-.257);
			es = "Constant";
			ed = "In";
		};
		["Left Arm"] = {
			cf = cfr(.33,.007,.023,-.251,.946,.208,-.393,.097,-.914,-.885,-.311,.347);
			es = "Constant";
			ed = "In";
		};
	};
	{
		tm = 3.5;
		["Torso"] = {
			cf = cfr(0,0,0,.799,.602,-.004,-.601,.798,.035,.024,-.026,.999);
			es = "Constant";
			ed = "In";
		};
		["Left Leg"] = {
			cf = cfr(-.023,0,-.031,.988,-.087,.129,.071,.99,.125,-.138,-.115,.984);
			es = "Constant";
			ed = "In";
		};
		["Right Leg"] = {
			cf = cfr(.21,-.001,.196,.85,.126,-.511,-.192,.978,-.078,.49,.164,.856);
			es = "Constant";
			ed = "In";
		};
		["Head"] = {
			cf = cfr(0,0,0,.888,-.452,.082,.457,.855,-.244,.04,.255,.966);
			es = "Constant";
			ed = "In";
		};
		["Right Arm"] = {
			cf = cfr(.605,-1.531,.455,.317,-.335,-.887,.229,-.881,.415,-.92,-.335,-.202);
			es = "Constant";
			ed = "In";
		};
		["Handle"] = {
			cf = cfr(.991,-.331,-.721,.359,-.732,.579,.759,.59,.275,-.543,.341,.767);
			es = "Constant";
			ed = "In";
		};
		["Left Arm"] = {
			cf = cfr(.318,.008,.006,.157,.983,.092,-.576,.167,-.8,-.802,.072,.593);
			es = "Constant";
			ed = "In";
		};
	};
};
