-- // converted using mech's animoduler
local cfr = CFrame.new

return {
	{
		tm = 0;
		["Torso"] = {
			cf = cfr(0,0,0,1,0,0,0,1,0,0,0,1);
			es = "Constant";
			ed = "In";
		};
		["Left Leg"] = {
			cf = cfr(0,0,0,1,0,0,0,.996,.087,0,-.087,.996);
			es = "Constant";
			ed = "In";
		};
		["Right Leg"] = {
			cf = cfr(0,0,0,1,0,0,0,.996,.087,0,-.087,.996);
			es = "Constant";
			ed = "In";
		};
		["Head"] = {
			cf = cfr(0,0,0,1,0,0,0,.991,-.135,0,.135,.991);
			es = "Constant";
			ed = "In";
		};
		["Left Arm"] = {
			cf = cfr(0,0,0,1,0,0,0,.985,.174,0,-.174,.985);
			es = "Constant";
			ed = "In";
		};
		["Right Arm"] = {
			cf = cfr(0,0,0,1,0,0,0,.985,.174,0,-.174,.985);
			es = "Constant";
			ed = "In";
		};
	};
	{
		tm = .117;
		["Torso"] = {
			cf = cfr(0,-.473,0,.906,.423,0,-.423,.906,0,0,0,1);
			es = "Constant";
			ed = "In";
		};
	};
	{
		tm = .233;
		["Torso"] = {
			cf = cfr(0,0,0,1,0,0,0,1,0,0,0,1);
			es = "Constant";
			ed = "In";
		};
	};
	{
		tm = .35;
		["Torso"] = {
			cf = cfr(0,-.497,0,.906,-.423,0,.423,.906,0,0,0,1);
			es = "Constant";
			ed = "In";
		};
	};
	{
		tm = .467;
		["Torso"] = {
			cf = cfr(0,0,0,1,0,0,0,1,0,0,0,1);
			es = "Constant";
			ed = "In";
		};
	};
	{
		tm = .533;
		["Torso"] = {
			cf = cfr(0,0,0,.906,.423,0,-.423,.906,0,0,0,1);
			es = "Constant";
			ed = "In";
		};
	};
	{
		tm = .583;
		["Torso"] = {
			cf = cfr(0,0,0,0,1,0,-1,0,0,0,0,1);
			es = "Constant";
			ed = "In";
		};
	};
	{
		tm = .633;
		["Torso"] = {
			cf = cfr(0,0,0,-.906,.423,0,-.423,-.906,0,0,0,1);
			es = "Constant";
			ed = "In";
		};
	};
	{
		tm = .683;
		["Torso"] = {
			cf = cfr(0,0,0,-1,0,0,0,-1,0,0,0,1);
			es = "Constant";
			ed = "In";
		};
	};
	{
		tm = .767;
		["Torso"] = {
			cf = cfr(0,0,0,-.906,-.423,0,.423,-.906,0,0,0,1);
			es = "Constant";
			ed = "In";
		};
	};
	{
		tm = .85;
		["Torso"] = {
			cf = cfr(0,0,0,-1,0,0,0,-1,0,0,0,1);
			es = "Constant";
			ed = "In";
		};
	};
	{
		tm = .933;
		["Torso"] = {
			cf = cfr(0,0,0,-.906,.423,0,-.423,-.906,0,0,0,1);
			es = "Constant";
			ed = "In";
		};
	};
	{
		tm = 1.017;
		["Torso"] = {
			cf = cfr(0,0,0,-1,0,0,0,-1,0,0,0,1);
			es = "Constant";
			ed = "In";
		};
	};
	{
		tm = 1.083;
		["Torso"] = {
			cf = cfr(0,0,0,-.906,-.423,0,.423,-.906,0,0,0,1);
			es = "Constant";
			ed = "In";
		};
	};
	{
		tm = 1.133;
		["Torso"] = {
			cf = cfr(0,0,0,0,-1,0,1,0,0,0,0,1);
			es = "Constant";
			ed = "In";
		};
	};
	{
		tm = 1.183;
		["Torso"] = {
			cf = cfr(0,0,0,.423,-.906,0,.906,.423,0,0,0,1);
			es = "Constant";
			ed = "In";
		};
	};
	{
		tm = 1.233;
		["Torso"] = {
			cf = cfr(0,0,0,1,0,0,0,1,0,0,0,1);
			es = "Constant";
			ed = "In";
		};
	};
	{
		tm = 1.3;
		["Torso"] = {
			cf = cfr(0,0,0,1,0,0,0,1,0,0,0,1);
			es = "Constant";
			ed = "In";
		};
		["Left Leg"] = {
			cf = cfr(0,0,0,1,0,0,0,.996,.087,0,-.087,.996);
			es = "Constant";
			ed = "In";
		};
		["Right Leg"] = {
			cf = cfr(0,0,0,1,0,0,0,.996,.087,0,-.087,.996);
			es = "Constant";
			ed = "In";
		};
		["Head"] = {
			cf = cfr(0,0,0,1,0,0,0,.991,-.135,0,.135,.991);
			es = "Constant";
			ed = "In";
		};
		["Left Arm"] = {
			cf = cfr(0,0,0,1,0,0,0,.985,.174,0,-.174,.985);
			es = "Constant";
			ed = "In";
		};
		["Right Arm"] = {
			cf = cfr(0,0,0,1,0,0,0,.985,.174,0,-.174,.985);
			es = "Constant";
			ed = "In";
		};
	};
	{
		tm = 1.333;
		["Torso"] = {
			cf = cfr(-.378,-.449,0,.996,0,-.087,-.008,.996,-.087,.087,.087,.992);
			es = "Constant";
			ed = "In";
		};
		["Head"] = {
			cf = cfr(0,0,0,1,0,0,0,.987,-.163,0,.163,.987);
			es = "Constant";
			ed = "In";
		};
		["Left Arm"] = {
			cf = cfr(0,0,0,.066,.569,-.82,-.481,.738,.473,.874,.363,.322);
			es = "Constant";
			ed = "In";
		};
		["Right Arm"] = {
			cf = cfr(.156,-.156,-.14,-.642,-.598,.481,.044,.597,.801,-.766,.535,-.357);
			es = "Constant";
			ed = "In";
		};
	};
	{
		tm = 1.417;
		["Torso"] = {
			cf = cfr(-.385,-.099,0,.996,.002,-.088,-.002,1,0,.088,0,.996);
			es = "Constant";
			ed = "In";
		};
	};
	{
		tm = 1.5;
		["Torso"] = {
			cf = cfr(-.028,.251,0,1,0,0,0,.996,.087,0,-.087,.996);
			es = "Constant";
			ed = "In";
		};
		["Head"] = {
			cf = cfr(0,0,0,1,0,0,0,.996,-.087,0,.087,.996);
			es = "Constant";
			ed = "In";
		};
		["Left Arm"] = {
			cf = cfr(-.284,-.369,-.181,.066,.569,-.82,-.481,.738,.473,.874,.363,.322);
			es = "Constant";
			ed = "In";
		};
		["Right Arm"] = {
			cf = cfr(.455,-.455,-.407,-.543,-.618,.569,-.042,.696,.717,-.839,.365,-.404);
			es = "Constant";
			ed = "In";
		};
	};
	{
		tm = 1.583;
		["Torso"] = {
			cf = cfr(.327,-.099,0,.996,-.002,.088,.002,1,0,-.088,0,.996);
			es = "Constant";
			ed = "In";
		};
	};
	{
		tm = 1.667;
		["Torso"] = {
			cf = cfr(.322,-.449,0,.996,0,.087,.008,.996,-.087,-.087,.087,.992);
			es = "Constant";
			ed = "In";
		};
		["Head"] = {
			cf = cfr(0,0,0,1,0,0,0,.99,-.138,0,.138,.99);
			es = "Constant";
			ed = "In";
		};
		["Left Arm"] = {
			cf = cfr(0,0,0,.066,.569,-.82,-.481,.738,.473,.874,.363,.322);
			es = "Constant";
			ed = "In";
		};
		["Right Arm"] = {
			cf = cfr(.156,-.156,-.14,-.642,-.598,.481,.044,.597,.801,-.766,.535,-.357);
			es = "Constant";
			ed = "In";
		};
	};
	{
		tm = 1.75;
		["Torso"] = {
			cf = cfr(.314,-.624,0,.996,.001,.085,.01,.991,-.13,-.084,.131,.988);
			es = "Constant";
			ed = "In";
		};
	};
	{
		tm = 1.833;
		["Torso"] = {
			cf = cfr(-.028,-.799,0,1,0,0,0,.985,-.174,0,.174,.985);
			es = "Constant";
			ed = "In";
		};
		["Head"] = {
			cf = cfr(0,0,0,1,0,0,0,.976,-.217,0,.217,.976);
			es = "Constant";
			ed = "In";
		};
		["Left Arm"] = {
			cf = cfr(0,0,0,.066,.569,-.82,-.481,.738,.473,.874,.363,.322);
			es = "Constant";
			ed = "In";
		};
		["Right Arm"] = {
			cf = cfr(.156,-.156,-.14,-.642,-.598,.481,.044,.597,.801,-.766,.535,-.357);
			es = "Constant";
			ed = "In";
		};
	};
	{
		tm = 1.917;
		["Torso"] = {
			cf = cfr(-.392,-.624,0,.996,-.001,-.088,-.011,.991,-.13,.088,.131,.988);
			es = "Constant";
			ed = "In";
		};
	};
	{
		tm = 2;
		["Torso"] = {
			cf = cfr(-.378,-.449,0,.996,0,-.087,-.008,.996,-.087,.087,.087,.992);
			es = "Constant";
			ed = "In";
		};
		["Head"] = {
			cf = cfr(0,0,0,1,0,0,0,.954,-.299,0,.299,.954);
			es = "Constant";
			ed = "In";
		};
	};
	{
		tm = 2.083;
		["Torso"] = {
			cf = cfr(-.385,-.099,0,.996,.002,-.088,-.002,1,0,.088,0,.996);
			es = "Constant";
			ed = "In";
		};
	};
	{
		tm = 2.167;
		["Torso"] = {
			cf = cfr(-.028,.251,0,1,0,0,0,.996,.087,0,-.087,.996);
			es = "Constant";
			ed = "In";
		};
		["Head"] = {
			cf = cfr(0,0,0,1,0,0,0,.969,-.248,0,.248,.969);
			es = "Constant";
			ed = "In";
		};
		["Left Arm"] = {
			cf = cfr(-.284,-.369,-.181,.066,.569,-.82,-.481,.738,.473,.874,.363,.322);
			es = "Constant";
			ed = "In";
		};
		["Right Arm"] = {
			cf = cfr(.455,-.455,-.407,-.543,-.618,.569,-.042,.696,.717,-.839,.365,-.404);
			es = "Constant";
			ed = "In";
		};
	};
	{
		tm = 2.25;
		["Torso"] = {
			cf = cfr(.327,-.099,0,.996,-.002,.088,.002,1,0,-.088,0,.996);
			es = "Constant";
			ed = "In";
		};
	};
	{
		tm = 2.333;
		["Torso"] = {
			cf = cfr(.322,-.449,0,.996,0,.087,.008,.996,-.087,-.087,.087,.992);
			es = "Constant";
			ed = "In";
		};
		["Head"] = {
			cf = cfr(0,0,0,1,0,0,0,.981,-.195,0,.195,.981);
			es = "Constant";
			ed = "In";
		};
	};
	{
		tm = 2.417;
		["Torso"] = {
			cf = cfr(.314,-.624,0,.996,.001,.085,.01,.991,-.13,-.084,.131,.988);
			es = "Constant";
			ed = "In";
		};
	};
	{
		tm = 2.483;
		["Torso"] = {
			cf = cfr(-.028,-.799,0,1,0,0,0,.985,-.174,0,.174,.985);
			es = "Constant";
			ed = "In";
		};
		["Head"] = {
			cf = cfr(0,0,0,1,0,0,0,.972,-.233,0,.233,.972);
			es = "Constant";
			ed = "In";
		};
		["Left Arm"] = {
			cf = cfr(0,0,0,.066,.569,-.82,-.481,.738,.473,.874,.363,.322);
			es = "Constant";
			ed = "In";
		};
		["Right Arm"] = {
			cf = cfr(.156,-.156,-.14,-.642,-.598,.481,.044,.597,.801,-.766,.535,-.357);
			es = "Constant";
			ed = "In";
		};
	};
	{
		tm = 2.5;
		["Torso"] = {
			cf = cfr(0,0,0,1,0,0,0,1,0,0,0,1);
			es = "Constant";
			ed = "In";
		};
		["Left Leg"] = {
			cf = cfr(0,0,0,1,0,0,0,.996,.087,0,-.087,.996);
			es = "Constant";
			ed = "In";
		};
		["Right Leg"] = {
			cf = cfr(0,0,0,1,0,0,0,.996,.087,0,-.087,.996);
			es = "Constant";
			ed = "In";
		};
		["Head"] = {
			cf = cfr(0,0,0,1,0,0,0,.991,-.135,0,.135,.991);
			es = "Constant";
			ed = "In";
		};
		["Left Arm"] = {
			cf = cfr(0,0,0,1,0,0,0,.985,.174,0,-.174,.985);
			es = "Constant";
			ed = "In";
		};
		["Right Arm"] = {
			cf = cfr(0,0,0,1,0,0,0,.985,.174,0,-.174,.985);
			es = "Constant";
			ed = "In";
		};
	};
	{
		tm = 2.583;
		["Torso"] = {
			cf = cfr(0,.13,-2.501,1,0,0,0,.997,.082,0,-.082,.997);
			es = "Constant";
			ed = "In";
		};
		["Left Leg"] = {
			cf = cfr(-.91,2.037,0,.93,.368,0,-.366,.926,.087,.032,-.081,.996);
			es = "Constant";
			ed = "In";
		};
		["Right Leg"] = {
			cf = cfr(1.138,2.125,0,.93,-.368,0,.366,.926,.087,-.032,-.081,.996);
			es = "Constant";
			ed = "In";
		};
		["Left Arm"] = {
			cf = cfr(.057,.132,-.023,.929,.371,0,-.365,.915,.174,.064,-.161,.985);
			es = "Constant";
			ed = "In";
		};
		["Right Arm"] = {
			cf = cfr(0,.107,-.023,1,0,0,0,.978,.211,0,-.211,.978);
			es = "Constant";
			ed = "In";
		};
	};
	{
		tm = 2.667;
		["Torso"] = {
			cf = cfr(0,0,0,1,0,0,0,1,0,0,0,1);
			es = "Constant";
			ed = "In";
		};
		["Left Leg"] = {
			cf = cfr(0,0,0,1,0,0,0,.996,.087,0,-.087,.996);
			es = "Constant";
			ed = "In";
		};
		["Right Leg"] = {
			cf = cfr(0,0,0,1,0,0,0,.996,.087,0,-.087,.996);
			es = "Constant";
			ed = "In";
		};
		["Head"] = {
			cf = cfr(0,0,0,1,0,0,0,.991,-.135,0,.135,.991);
			es = "Constant";
			ed = "In";
		};
		["Left Arm"] = {
			cf = cfr(0,0,0,1,0,0,0,.985,.174,0,-.174,.985);
			es = "Constant";
			ed = "In";
		};
		["Right Arm"] = {
			cf = cfr(0,0,0,1,0,0,0,.985,.174,0,-.174,.985);
			es = "Constant";
			ed = "In";
		};
	};
	{
		tm = 2.75;
		["Torso"] = {
			cf = cfr(0,.13,-2.501,1,0,0,0,.997,.082,0,-.082,.997);
			es = "Constant";
			ed = "In";
		};
		["Left Leg"] = {
			cf = cfr(-.91,2.037,0,.93,.368,0,-.366,.926,.087,.032,-.081,.996);
			es = "Constant";
			ed = "In";
		};
		["Right Leg"] = {
			cf = cfr(1.138,2.125,0,.93,-.368,0,.366,.926,.087,-.032,-.081,.996);
			es = "Constant";
			ed = "In";
		};
		["Left Arm"] = {
			cf = cfr(.057,.132,-.023,.929,.371,0,-.365,.915,.174,.064,-.161,.985);
			es = "Constant";
			ed = "In";
		};
		["Right Arm"] = {
			cf = cfr(0,.107,-.023,1,0,0,0,.978,.211,0,-.211,.978);
			es = "Constant";
			ed = "In";
		};
	};
	{
		tm = 2.833;
		["Torso"] = {
			cf = cfr(0,0,0,1,0,0,0,1,0,0,0,1);
			es = "Constant";
			ed = "In";
		};
		["Left Leg"] = {
			cf = cfr(0,0,0,1,0,0,0,.996,.087,0,-.087,.996);
			es = "Constant";
			ed = "In";
		};
		["Right Leg"] = {
			cf = cfr(0,0,0,1,0,0,0,.996,.087,0,-.087,.996);
			es = "Constant";
			ed = "In";
		};
		["Head"] = {
			cf = cfr(0,0,0,1,0,0,0,.991,-.135,0,.135,.991);
			es = "Constant";
			ed = "In";
		};
		["Left Arm"] = {
			cf = cfr(0,0,0,1,0,0,0,.985,.174,0,-.174,.985);
			es = "Constant";
			ed = "In";
		};
		["Right Arm"] = {
			cf = cfr(0,0,0,1,0,0,0,.985,.174,0,-.174,.985);
			es = "Constant";
			ed = "In";
		};
	};
	{
		tm = 2.867;
		["Torso"] = {
			cf = cfr(.4,0,.05,.996,0,.087,0,1,0,-.087,0,.996);
			es = "Constant";
			ed = "In";
		};
		["Right Arm"] = {
			cf = cfr(0,.016,-.177,-.234,-.659,-.715,.688,-.632,.357,-.687,-.408,.601);
			es = "Constant";
			ed = "In";
		};
	};
	{
		tm = 3;
		["Torso"] = {
			cf = cfr(.485,0,.05,.994,0,.105,0,1,0,-.105,0,.994);
			es = "Constant";
			ed = "In";
		};
		["Right Arm"] = {
			cf = cfr(0,.016,-.177,-.395,-.577,-.715,.503,-.787,.357,-.769,-.219,.601);
			es = "Constant";
			ed = "In";
		};
	};
	{
		tm = 3.133;
		["Torso"] = {
			cf = cfr(.4,0,.05,.996,0,.087,0,1,0,-.087,0,.996);
			es = "Constant";
			ed = "In";
		};
		["Right Arm"] = {
			cf = cfr(0,.016,-.177,-.234,-.659,-.715,.688,-.632,.357,-.687,-.408,.601);
			es = "Constant";
			ed = "In";
		};
	};
	{
		tm = 3.167;
		["Torso"] = {
			cf = cfr(0,0,0,1,0,0,0,1,0,0,0,1);
			es = "Constant";
			ed = "In";
		};
		["Left Leg"] = {
			cf = cfr(0,0,0,1,0,0,0,.996,.087,0,-.087,.996);
			es = "Constant";
			ed = "In";
		};
		["Right Leg"] = {
			cf = cfr(0,0,0,1,0,0,0,.996,.087,0,-.087,.996);
			es = "Constant";
			ed = "In";
		};
		["Head"] = {
			cf = cfr(0,0,0,1,0,0,0,.991,-.135,0,.135,.991);
			es = "Constant";
			ed = "In";
		};
		["Left Arm"] = {
			cf = cfr(0,0,0,1,0,0,0,.985,.174,0,-.174,.985);
			es = "Constant";
			ed = "In";
		};
		["Right Arm"] = {
			cf = cfr(0,0,0,1,0,0,0,.985,.174,0,-.174,.985);
			es = "Constant";
			ed = "In";
		};
	};
	{
		tm = 3.25;
		["Torso"] = {
			cf = cfr(0,.13,-2.501,1,0,0,0,.997,.082,0,-.082,.997);
			es = "Constant";
			ed = "In";
		};
		["Left Leg"] = {
			cf = cfr(-.91,2.037,0,.93,.368,0,-.366,.926,.087,.032,-.081,.996);
			es = "Constant";
			ed = "In";
		};
		["Right Leg"] = {
			cf = cfr(1.138,2.125,0,.93,-.368,0,.366,.926,.087,-.032,-.081,.996);
			es = "Constant";
			ed = "In";
		};
		["Left Arm"] = {
			cf = cfr(.057,.132,-.023,.929,.371,0,-.365,.915,.174,.064,-.161,.985);
			es = "Constant";
			ed = "In";
		};
		["Right Arm"] = {
			cf = cfr(0,.107,-.023,1,0,0,0,.978,.211,0,-.211,.978);
			es = "Constant";
			ed = "In";
		};
	};
	{
		tm = 3.333;
		["Torso"] = {
			cf = cfr(0,0,0,1,0,0,0,1,0,0,0,1);
			es = "Constant";
			ed = "In";
		};
		["Left Leg"] = {
			cf = cfr(0,0,0,1,0,0,0,.996,.087,0,-.087,.996);
			es = "Constant";
			ed = "In";
		};
		["Right Leg"] = {
			cf = cfr(0,0,0,1,0,0,0,.996,.087,0,-.087,.996);
			es = "Constant";
			ed = "In";
		};
		["Head"] = {
			cf = cfr(0,0,0,1,0,0,0,.991,-.135,0,.135,.991);
			es = "Constant";
			ed = "In";
		};
		["Left Arm"] = {
			cf = cfr(0,0,0,1,0,0,0,.985,.174,0,-.174,.985);
			es = "Constant";
			ed = "In";
		};
		["Right Arm"] = {
			cf = cfr(0,0,0,1,0,0,0,.985,.174,0,-.174,.985);
			es = "Constant";
			ed = "In";
		};
	};
	{
		tm = 3.417;
		["Torso"] = {
			cf = cfr(0,.13,-2.501,1,0,0,0,.997,.082,0,-.082,.997);
			es = "Constant";
			ed = "In";
		};
		["Left Leg"] = {
			cf = cfr(-.91,2.037,0,.93,.368,0,-.366,.926,.087,.032,-.081,.996);
			es = "Constant";
			ed = "In";
		};
		["Right Leg"] = {
			cf = cfr(1.138,2.125,0,.93,-.368,0,.366,.926,.087,-.032,-.081,.996);
			es = "Constant";
			ed = "In";
		};
		["Left Arm"] = {
			cf = cfr(.057,.132,-.023,.929,.371,0,-.365,.915,.174,.064,-.161,.985);
			es = "Constant";
			ed = "In";
		};
		["Right Arm"] = {
			cf = cfr(0,.107,-.023,1,0,0,0,.978,.211,0,-.211,.978);
			es = "Constant";
			ed = "In";
		};
	};
	{
		tm = 3.5;
		["Torso"] = {
			cf = cfr(0,0,0,1,0,0,0,1,0,0,0,1);
			es = "Constant";
			ed = "In";
		};
		["Left Leg"] = {
			cf = cfr(0,0,0,1,0,0,0,.996,.087,0,-.087,.996);
			es = "Constant";
			ed = "In";
		};
		["Right Leg"] = {
			cf = cfr(0,0,0,1,0,0,0,.996,.087,0,-.087,.996);
			es = "Constant";
			ed = "In";
		};
		["Head"] = {
			cf = cfr(0,0,0,1,0,0,0,.991,-.135,0,.135,.991);
			es = "Constant";
			ed = "In";
		};
		["Left Arm"] = {
			cf = cfr(0,0,0,1,0,0,0,.985,.174,0,-.174,.985);
			es = "Constant";
			ed = "In";
		};
		["Right Arm"] = {
			cf = cfr(0,0,0,1,0,0,0,.985,.174,0,-.174,.985);
			es = "Constant";
			ed = "In";
		};
	};
	{
		tm = 3.533;
		["Torso"] = {
			cf = cfr(.4,0,.05,.996,0,.087,0,1,0,-.087,0,.996);
			es = "Constant";
			ed = "In";
		};
		["Right Arm"] = {
			cf = cfr(0,.016,-.177,-.234,-.659,-.715,.688,-.632,.357,-.687,-.408,.601);
			es = "Constant";
			ed = "In";
		};
	};
	{
		tm = 3.667;
		["Torso"] = {
			cf = cfr(.485,0,.05,.994,0,.105,0,1,0,-.105,0,.994);
			es = "Constant";
			ed = "In";
		};
		["Right Arm"] = {
			cf = cfr(0,.016,-.177,-.395,-.577,-.715,.503,-.787,.357,-.769,-.219,.601);
			es = "Constant";
			ed = "In";
		};
	};
	{
		tm = 3.8;
		["Torso"] = {
			cf = cfr(.4,0,.05,.996,0,.087,0,1,0,-.087,0,.996);
			es = "Constant";
			ed = "In";
		};
		["Right Arm"] = {
			cf = cfr(0,.016,-.177,-.234,-.659,-.715,.688,-.632,.357,-.687,-.408,.601);
			es = "Constant";
			ed = "In";
		};
	};
	{
		tm = 3.833;
		["Torso"] = {
			cf = cfr(0,0,0,1,0,0,0,1,0,0,0,1);
			es = "Constant";
			ed = "In";
		};
		["Left Leg"] = {
			cf = cfr(0,0,0,1,0,0,0,.996,.087,0,-.087,.996);
			es = "Constant";
			ed = "In";
		};
		["Right Leg"] = {
			cf = cfr(0,0,0,1,0,0,0,.996,.087,0,-.087,.996);
			es = "Constant";
			ed = "In";
		};
		["Head"] = {
			cf = cfr(0,0,0,1,0,0,0,.991,-.135,0,.135,.991);
			es = "Constant";
			ed = "In";
		};
		["Left Arm"] = {
			cf = cfr(0,0,0,1,0,0,0,.985,.174,0,-.174,.985);
			es = "Constant";
			ed = "In";
		};
		["Right Arm"] = {
			cf = cfr(0,0,0,1,0,0,0,.985,.174,0,-.174,.985);
			es = "Constant";
			ed = "In";
		};
	};
	{
		tm = 3.917;
		["Torso"] = {
			cf = cfr(0,.13,-2.501,1,0,0,0,.997,.082,0,-.082,.997);
			es = "Constant";
			ed = "In";
		};
		["Left Leg"] = {
			cf = cfr(-.91,2.037,0,.93,.368,0,-.366,.926,.087,.032,-.081,.996);
			es = "Constant";
			ed = "In";
		};
		["Right Leg"] = {
			cf = cfr(1.138,2.125,0,.93,-.368,0,.366,.926,.087,-.032,-.081,.996);
			es = "Constant";
			ed = "In";
		};
		["Left Arm"] = {
			cf = cfr(.057,.132,-.023,.929,.371,0,-.365,.915,.174,.064,-.161,.985);
			es = "Constant";
			ed = "In";
		};
		["Right Arm"] = {
			cf = cfr(0,.107,-.023,1,0,0,0,.978,.211,0,-.211,.978);
			es = "Constant";
			ed = "In";
		};
	};
	{
		tm = 4;
		["Torso"] = {
			cf = cfr(0,0,0,1,0,0,0,1,0,0,0,1);
			es = "Constant";
			ed = "In";
		};
		["Left Leg"] = {
			cf = cfr(0,0,0,1,0,0,0,.996,.087,0,-.087,.996);
			es = "Constant";
			ed = "In";
		};
		["Right Leg"] = {
			cf = cfr(0,0,0,1,0,0,0,.996,.087,0,-.087,.996);
			es = "Constant";
			ed = "In";
		};
		["Head"] = {
			cf = cfr(0,0,0,1,0,0,0,.991,-.135,0,.135,.991);
			es = "Constant";
			ed = "In";
		};
		["Left Arm"] = {
			cf = cfr(0,0,0,1,0,0,0,.985,.174,0,-.174,.985);
			es = "Constant";
			ed = "In";
		};
		["Right Arm"] = {
			cf = cfr(0,0,0,1,0,0,0,.985,.174,0,-.174,.985);
			es = "Constant";
			ed = "In";
		};
	};
	{
		tm = 4.083;
		["Torso"] = {
			cf = cfr(0,.13,-2.501,1,0,0,0,.997,.082,0,-.082,.997);
			es = "Constant";
			ed = "In";
		};
		["Left Leg"] = {
			cf = cfr(-.91,2.037,0,.93,.368,0,-.366,.926,.087,.032,-.081,.996);
			es = "Constant";
			ed = "In";
		};
		["Right Leg"] = {
			cf = cfr(1.138,2.125,0,.93,-.368,0,.366,.926,.087,-.032,-.081,.996);
			es = "Constant";
			ed = "In";
		};
		["Left Arm"] = {
			cf = cfr(.057,.132,-.023,.929,.371,0,-.365,.915,.174,.064,-.161,.985);
			es = "Constant";
			ed = "In";
		};
		["Right Arm"] = {
			cf = cfr(0,.107,-.023,1,0,0,0,.978,.211,0,-.211,.978);
			es = "Constant";
			ed = "In";
		};
	};
	{
		tm = 4.167;
		["Torso"] = {
			cf = cfr(0,0,0,1,0,0,0,1,0,0,0,1);
			es = "Constant";
			ed = "In";
		};
		["Left Leg"] = {
			cf = cfr(0,0,0,1,0,0,0,.996,.087,0,-.087,.996);
			es = "Constant";
			ed = "In";
		};
		["Right Leg"] = {
			cf = cfr(0,0,0,1,0,0,0,.996,.087,0,-.087,.996);
			es = "Constant";
			ed = "In";
		};
		["Head"] = {
			cf = cfr(0,0,0,1,0,0,0,.991,-.135,0,.135,.991);
			es = "Constant";
			ed = "In";
		};
		["Left Arm"] = {
			cf = cfr(0,0,0,1,0,0,0,.985,.174,0,-.174,.985);
			es = "Constant";
			ed = "In";
		};
		["Right Arm"] = {
			cf = cfr(0,0,0,1,0,0,0,.985,.174,0,-.174,.985);
			es = "Constant";
			ed = "In";
		};
	};
	{
		tm = 4.2;
		["Torso"] = {
			cf = cfr(0,0,0,.906,-.423,0,.423,.906,0,0,0,1);
			es = "Constant";
			ed = "In";
		};
		["Left Leg"] = {
			cf = cfr(0,0,0,1,0,0,0,.996,.087,0,-.087,.996);
			es = "Constant";
			ed = "In";
		};
		["Right Leg"] = {
			cf = cfr(0,0,0,1,0,0,0,.996,.087,0,-.087,.996);
			es = "Constant";
			ed = "In";
		};
	};
	{
		tm = 4.3;
		["Torso"] = {
			cf = cfr(.282,-.604,-.486,.906,-.272,.324,.423,.583,-.694,0,.766,.643);
			es = "Constant";
			ed = "In";
		};
		["Left Leg"] = {
			cf = cfr(0,0,0,.643,.766,0,-.763,.64,.087,.067,-.056,.996);
			es = "Constant";
			ed = "In";
		};
		["Right Leg"] = {
			cf = cfr(0,0,0,.643,-.766,0,.763,.64,.087,-.067,-.056,.996);
			es = "Constant";
			ed = "In";
		};
	};
	{
		tm = 4.383;
		["Torso"] = {
			cf = cfr(.282,-.604,-.486,.906,-.272,.324,.423,.583,-.694,0,.766,.643);
			es = "Constant";
			ed = "In";
		};
		["Left Leg"] = {
			cf = cfr(0,0,0,.643,.766,0,-.763,.64,.087,.067,-.056,.996);
			es = "Constant";
			ed = "In";
		};
		["Right Leg"] = {
			cf = cfr(0,0,0,.643,-.766,0,.763,.64,.087,-.067,-.056,.996);
			es = "Constant";
			ed = "In";
		};
	};
	{
		tm = 4.467;
		["Torso"] = {
			cf = cfr(0,0,0,.906,-.423,0,.423,.906,0,0,0,1);
			es = "Constant";
			ed = "In";
		};
		["Left Leg"] = {
			cf = cfr(0,0,0,1,0,0,0,.996,.087,0,-.087,.996);
			es = "Constant";
			ed = "In";
		};
		["Right Leg"] = {
			cf = cfr(0,0,0,1,0,0,0,.996,.087,0,-.087,.996);
			es = "Constant";
			ed = "In";
		};
	};
	{
		tm = 4.5;
		["Torso"] = {
			cf = cfr(0,0,0,1,0,0,0,1,0,0,0,1);
			es = "Constant";
			ed = "In";
		};
		["Left Leg"] = {
			cf = cfr(0,0,0,1,0,0,0,.996,.087,0,-.087,.996);
			es = "Constant";
			ed = "In";
		};
		["Right Leg"] = {
			cf = cfr(0,0,0,1,0,0,0,.996,.087,0,-.087,.996);
			es = "Constant";
			ed = "In";
		};
		["Head"] = {
			cf = cfr(0,0,0,1,0,0,0,.991,-.135,0,.135,.991);
			es = "Constant";
			ed = "In";
		};
		["Left Arm"] = {
			cf = cfr(0,0,0,1,0,0,0,.985,.174,0,-.174,.985);
			es = "Constant";
			ed = "In";
		};
		["Right Arm"] = {
			cf = cfr(0,0,0,1,0,0,0,.985,.174,0,-.174,.985);
			es = "Constant";
			ed = "In";
		};
	};
	{
		tm = 4.583;
		["Torso"] = {
			cf = cfr(0,.13,-2.501,1,0,0,0,.997,.082,0,-.082,.997);
			es = "Constant";
			ed = "In";
		};
		["Left Leg"] = {
			cf = cfr(-.91,2.037,0,.93,.368,0,-.366,.926,.087,.032,-.081,.996);
			es = "Constant";
			ed = "In";
		};
		["Right Leg"] = {
			cf = cfr(1.138,2.125,0,.93,-.368,0,.366,.926,.087,-.032,-.081,.996);
			es = "Constant";
			ed = "In";
		};
		["Left Arm"] = {
			cf = cfr(.057,.132,-.023,.929,.371,0,-.365,.915,.174,.064,-.161,.985);
			es = "Constant";
			ed = "In";
		};
		["Right Arm"] = {
			cf = cfr(0,.107,-.023,1,0,0,0,.978,.211,0,-.211,.978);
			es = "Constant";
			ed = "In";
		};
	};
	{
		tm = 4.667;
		["Torso"] = {
			cf = cfr(0,0,0,1,0,0,0,1,0,0,0,1);
			es = "Constant";
			ed = "In";
		};
		["Left Leg"] = {
			cf = cfr(0,0,0,1,0,0,0,.996,.087,0,-.087,.996);
			es = "Constant";
			ed = "In";
		};
		["Right Leg"] = {
			cf = cfr(0,0,0,1,0,0,0,.996,.087,0,-.087,.996);
			es = "Constant";
			ed = "In";
		};
		["Head"] = {
			cf = cfr(0,0,0,1,0,0,0,.991,-.135,0,.135,.991);
			es = "Constant";
			ed = "In";
		};
		["Left Arm"] = {
			cf = cfr(0,0,0,1,0,0,0,.985,.174,0,-.174,.985);
			es = "Constant";
			ed = "In";
		};
		["Right Arm"] = {
			cf = cfr(0,0,0,1,0,0,0,.985,.174,0,-.174,.985);
			es = "Constant";
			ed = "In";
		};
	};
	{
		tm = 4.75;
		["Torso"] = {
			cf = cfr(0,.13,-2.501,1,0,0,0,.997,.082,0,-.082,.997);
			es = "Constant";
			ed = "In";
		};
		["Left Leg"] = {
			cf = cfr(-.91,2.037,0,.93,.368,0,-.366,.926,.087,.032,-.081,.996);
			es = "Constant";
			ed = "In";
		};
		["Right Leg"] = {
			cf = cfr(1.138,2.125,0,.93,-.368,0,.366,.926,.087,-.032,-.081,.996);
			es = "Constant";
			ed = "In";
		};
		["Left Arm"] = {
			cf = cfr(.057,.132,-.023,.929,.371,0,-.365,.915,.174,.064,-.161,.985);
			es = "Constant";
			ed = "In";
		};
		["Right Arm"] = {
			cf = cfr(0,.107,-.023,1,0,0,0,.978,.211,0,-.211,.978);
			es = "Constant";
			ed = "In";
		};
	};
	{
		tm = 4.833;
		["Torso"] = {
			cf = cfr(0,0,0,1,0,0,0,1,0,0,0,1);
			es = "Constant";
			ed = "In";
		};
		["Left Leg"] = {
			cf = cfr(0,0,0,1,0,0,0,.996,.087,0,-.087,.996);
			es = "Constant";
			ed = "In";
		};
		["Right Leg"] = {
			cf = cfr(0,0,0,1,0,0,0,.996,.087,0,-.087,.996);
			es = "Constant";
			ed = "In";
		};
		["Head"] = {
			cf = cfr(0,0,0,1,0,0,0,.991,-.135,0,.135,.991);
			es = "Constant";
			ed = "In";
		};
		["Left Arm"] = {
			cf = cfr(0,0,0,1,0,0,0,.985,.174,0,-.174,.985);
			es = "Constant";
			ed = "In";
		};
		["Right Arm"] = {
			cf = cfr(0,0,0,1,0,0,0,.985,.174,0,-.174,.985);
			es = "Constant";
			ed = "In";
		};
	};
	{
		tm = 4.867;
		["Torso"] = {
			cf = cfr(0,0,0,.906,.423,0,-.423,.906,0,0,0,1);
			es = "Constant";
			ed = "In";
		};
		["Left Leg"] = {
			cf = cfr(0,0,0,1,0,0,0,.996,.087,0,-.087,.996);
			es = "Constant";
			ed = "In";
		};
		["Right Leg"] = {
			cf = cfr(0,0,0,1,0,0,0,.996,.087,0,-.087,.996);
			es = "Constant";
			ed = "In";
		};
	};
	{
		tm = 4.967;
		["Torso"] = {
			cf = cfr(.282,-.604,-.486,.906,.272,-.324,-.423,.583,-.694,0,.766,.643);
			es = "Constant";
			ed = "In";
		};
		["Left Leg"] = {
			cf = cfr(0,0,0,.643,.766,0,-.763,.64,.087,.067,-.056,.996);
			es = "Constant";
			ed = "In";
		};
		["Right Leg"] = {
			cf = cfr(0,0,0,.643,-.766,0,.763,.64,.087,-.067,-.056,.996);
			es = "Constant";
			ed = "In";
		};
	};
	{
		tm = 5.05;
		["Torso"] = {
			cf = cfr(.282,-.604,-.486,.906,.272,-.324,-.423,.583,-.694,0,.766,.643);
			es = "Constant";
			ed = "In";
		};
		["Left Leg"] = {
			cf = cfr(0,0,0,.643,.766,0,-.763,.64,.087,.067,-.056,.996);
			es = "Constant";
			ed = "In";
		};
		["Right Leg"] = {
			cf = cfr(0,0,0,.643,-.766,0,.763,.64,.087,-.067,-.056,.996);
			es = "Constant";
			ed = "In";
		};
	};
	{
		tm = 5.133;
		["Torso"] = {
			cf = cfr(0,0,0,.906,.423,0,-.423,.906,0,0,0,1);
			es = "Constant";
			ed = "In";
		};
		["Left Leg"] = {
			cf = cfr(0,0,0,1,0,0,0,.996,.087,0,-.087,.996);
			es = "Constant";
			ed = "In";
		};
		["Right Leg"] = {
			cf = cfr(0,0,0,1,0,0,0,.996,.087,0,-.087,.996);
			es = "Constant";
			ed = "In";
		};
	};
	{
		tm = 5.167;
		["Torso"] = {
			cf = cfr(0,0,0,1,0,0,0,1,0,0,0,1);
			es = "Constant";
			ed = "In";
		};
		["Left Leg"] = {
			cf = cfr(0,0,0,1,0,0,0,.996,.087,0,-.087,.996);
			es = "Constant";
			ed = "In";
		};
		["Right Leg"] = {
			cf = cfr(0,0,0,1,0,0,0,.996,.087,0,-.087,.996);
			es = "Constant";
			ed = "In";
		};
		["Head"] = {
			cf = cfr(0,0,0,1,0,0,0,.991,-.135,0,.135,.991);
			es = "Constant";
			ed = "In";
		};
		["Left Arm"] = {
			cf = cfr(0,0,0,1,0,0,0,.985,.174,0,-.174,.985);
			es = "Constant";
			ed = "In";
		};
		["Right Arm"] = {
			cf = cfr(0,0,0,1,0,0,0,.985,.174,0,-.174,.985);
			es = "Constant";
			ed = "In";
		};
	};
}
