-- // converted using mech's animoduler
local cfr = CFrame.new

return {
	{
		tm = 0;
		["Torso"] = {
			cf = cfr(0,0,0,.882,.427,-.2,-.164,.676,.719,.442,-.601,.666);
			es = "Constant";
			ed = "In";
		};
		["Left Leg"] = {
			cf = cfr(0,0,0,.78,-.587,.217,.586,.807,.076,-.22,.068,.973);
			es = "Constant";
			ed = "In";
		};
		["Right Arm"] = {
			cf = cfr(0,0,0,.752,.627,.204,-.595,.513,.618,.283,-.586,.759);
			es = "Constant";
			ed = "In";
		};
		["Handle"] = {
			cf = cfr(.767,-.048,-.768,.813,.241,.53,-.29,.957,.01,-.505,-.162,.848);
			es = "Constant";
			ed = "In";
		};
		["Head"] = {
			cf = cfr(0,0,0,.948,-.04,-.316,.217,.809,.547,.233,-.587,.775);
			es = "Constant";
			ed = "In";
		};
		["Right Leg"] = {
			cf = cfr(.176,.142,.1,.746,.662,.074,-.604,.626,.493,.28,-.412,.867);
			es = "Constant";
			ed = "In";
		};
		["Left Arm"] = {
			cf = cfr(.431,.231,.237,.713,-.03,-.7,.491,.734,.469,.5,-.679,.538);
			es = "Constant";
			ed = "In";
		};
	};
	{
		tm = .4;
		["Torso"] = {
			cf = cfr(0,0,0,.882,.427,-.2,-.195,.716,.67,.429,-.552,.715);
			es = "Constant";
			ed = "In";
		};
		["Left Leg"] = {
			cf = cfr(0,0,0,.78,-.587,.217,.586,.807,.076,-.22,.068,.973);
			es = "Constant";
			ed = "In";
		};
		["Right Arm"] = {
			cf = cfr(0,0,0,.772,.607,.19,-.576,.541,.613,.269,-.583,.767);
			es = "Constant";
			ed = "In";
		};
		["Head"] = {
			cf = cfr(0,0,0,.96,-.046,-.277,.183,.852,.49,.213,-.521,.826);
			es = "Constant";
			ed = "In";
		};
		["Right Leg"] = {
			cf = cfr(.176,.142,.1,.804,.592,.048,-.544,.702,.459,.238,-.396,.887);
			es = "Constant";
			ed = "In";
		};
		["Left Arm"] = {
			cf = cfr(.431,.231,.237,.625,-.113,-.773,.548,.768,.331,.556,-.63,.542);
			es = "Constant";
			ed = "In";
		};
	};
	{
		tm = .8;
		["Torso"] = {
			cf = cfr(0,0,0,.882,.427,-.2,-.164,.676,.719,.442,-.601,.666);
			es = "Constant";
			ed = "In";
		};
		["Left Leg"] = {
			cf = cfr(0,0,0,.78,-.587,.217,.586,.807,.076,-.22,.068,.973);
			es = "Constant";
			ed = "In";
		};
		["Right Arm"] = {
			cf = cfr(0,0,0,.752,.627,.204,-.595,.513,.618,.283,-.586,.759);
			es = "Constant";
			ed = "In";
		};
		["Head"] = {
			cf = cfr(0,0,0,.948,-.04,-.316,.217,.809,.547,.233,-.587,.775);
			es = "Constant";
			ed = "In";
		};
		["Right Leg"] = {
			cf = cfr(.176,.142,.1,.746,.662,.074,-.604,.626,.493,.28,-.412,.867);
			es = "Constant";
			ed = "In";
		};
		["Left Arm"] = {
			cf = cfr(.431,.231,.237,.713,-.03,-.7,.491,.734,.469,.5,-.679,.538);
			es = "Constant";
			ed = "In";
		};
	};
	{
		tm = 1.2;
		["Torso"] = {
			cf = cfr(0,0,0,.882,.427,-.2,-.195,.716,.67,.429,-.552,.715);
			es = "Constant";
			ed = "In";
		};
		["Left Leg"] = {
			cf = cfr(0,0,0,.78,-.587,.217,.586,.807,.076,-.22,.068,.973);
			es = "Constant";
			ed = "In";
		};
		["Right Arm"] = {
			cf = cfr(0,0,0,.772,.607,.19,-.576,.541,.613,.269,-.583,.767);
			es = "Constant";
			ed = "In";
		};
		["Head"] = {
			cf = cfr(0,0,0,.96,-.046,-.277,.183,.852,.49,.213,-.521,.826);
			es = "Constant";
			ed = "In";
		};
		["Right Leg"] = {
			cf = cfr(.176,.142,.1,.804,.592,.048,-.544,.702,.459,.238,-.396,.887);
			es = "Constant";
			ed = "In";
		};
		["Left Arm"] = {
			cf = cfr(.431,.231,.237,.625,-.113,-.773,.548,.768,.331,.556,-.63,.542);
			es = "Constant";
			ed = "In";
		};
	};
	{
		tm = 1.6;
		["Torso"] = {
			cf = cfr(0,0,0,.882,.427,-.2,-.164,.676,.719,.442,-.601,.666);
			es = "Constant";
			ed = "In";
		};
		["Left Leg"] = {
			cf = cfr(0,0,0,.78,-.587,.217,.586,.807,.076,-.22,.068,.973);
			es = "Constant";
			ed = "In";
		};
		["Right Arm"] = {
			cf = cfr(0,0,0,.752,.627,.204,-.595,.513,.618,.283,-.586,.759);
			es = "Constant";
			ed = "In";
		};
		["Head"] = {
			cf = cfr(0,0,0,.948,-.04,-.316,.217,.809,.547,.233,-.587,.775);
			es = "Constant";
			ed = "In";
		};
		["Right Leg"] = {
			cf = cfr(.176,.142,.1,.746,.662,.074,-.604,.626,.493,.28,-.412,.867);
			es = "Constant";
			ed = "In";
		};
		["Left Arm"] = {
			cf = cfr(.431,.231,.237,.713,-.03,-.7,.491,.734,.469,.5,-.679,.538);
			es = "Constant";
			ed = "In";
		};
	};
	{
		tm = 2;
		["Torso"] = {
			cf = cfr(0,0,0,.882,.427,-.2,-.195,.716,.67,.429,-.552,.715);
			es = "Constant";
			ed = "In";
		};
		["Left Leg"] = {
			cf = cfr(0,0,0,.78,-.587,.217,.586,.807,.076,-.22,.068,.973);
			es = "Constant";
			ed = "In";
		};
		["Right Arm"] = {
			cf = cfr(0,0,0,.772,.607,.19,-.576,.541,.613,.269,-.583,.767);
			es = "Constant";
			ed = "In";
		};
		["Head"] = {
			cf = cfr(0,0,0,.96,-.046,-.277,.183,.852,.49,.213,-.521,.826);
			es = "Constant";
			ed = "In";
		};
		["Right Leg"] = {
			cf = cfr(.176,.142,.1,.804,.592,.048,-.544,.702,.459,.238,-.396,.887);
			es = "Constant";
			ed = "In";
		};
		["Left Arm"] = {
			cf = cfr(.431,.231,.237,.625,-.113,-.773,.548,.768,.331,.556,-.63,.542);
			es = "Constant";
			ed = "In";
		};
	};
	{
		tm = 2.3;
		["Torso"] = {
			cf = cfr(0,0,0,.882,.427,-.2,-.273,.808,.522,.384,-.406,.829);
			es = "Constant";
			ed = "In";
		};
		["Left Leg"] = {
			cf = cfr(.121,-.191,-.102,.741,-.616,.267,.648,.761,-.042,-.178,.204,.963);
			es = "Constant";
			ed = "In";
		};
		["Right Arm"] = {
			cf = cfr(0,0,0,.742,.637,.211,-.605,.499,.621,.29,-.588,.755);
			es = "Constant";
			ed = "In";
		};
		["Head"] = {
			cf = cfr(0,0,0,.976,-.05,-.213,.132,.911,.391,.175,-.41,.895);
			es = "Constant";
			ed = "In";
		};
		["Right Leg"] = {
			cf = cfr(.176,.142,.1,.894,.449,.011,-.417,.821,.39,.166,-.353,.921);
			es = "Constant";
			ed = "In";
		};
		["Left Arm"] = {
			cf = cfr(.431,.231,.237,.56,-.172,-.81,.577,.782,.233,.594,-.599,.538);
			es = "Constant";
			ed = "In";
		};
	};
	{
		tm = 2.6;
		["Torso"] = {
			cf = cfr(0,0,0,.937,.349,-.014,-.317,.867,.384,.146,-.355,.923);
			es = "Constant";
			ed = "In";
		};
		["Left Leg"] = {
			cf = cfr(.155,-.078,.13,.739,-.525,.422,.536,.838,.103,-.408,.15,.901);
			es = "Constant";
			ed = "In";
		};
		["Right Arm"] = {
			cf = cfr(0,0,0,.954,.295,-.05,-.249,.878,.41,.165,-.378,.911);
			es = "Constant";
			ed = "In";
		};
		["Head"] = {
			cf = cfr(0,0,0,.984,-.065,-.168,.109,.957,.271,.143,-.284,.948);
			es = "Constant";
			ed = "In";
		};
		["Right Leg"] = {
			cf = cfr(.176,.142,.1,.858,.513,-.035,-.49,.836,.247,.156,-.195,.968);
			es = "Constant";
			ed = "In";
		};
		["Left Arm"] = {
			cf = cfr(.515,.051,.204,.289,-.115,-.95,.532,.845,.059,.796,-.522,.305);
			es = "Constant";
			ed = "In";
		};
	};
	{
		tm = 2.9;
		["Torso"] = {
			cf = cfr(0,0,0,.835,.55,-.004,-.55,.834,.047,.029,-.037,.999);
			es = "Constant";
			ed = "In";
		};
		["Left Leg"] = {
			cf = cfr(.041,-.085,.205,.868,-.074,.49,-.008,.986,.164,-.496,-.147,.856);
			es = "Constant";
			ed = "In";
		};
		["Right Arm"] = {
			cf = cfr(.466,-1.02,.293,-.415,-.577,-.703,.408,-.809,.423,-.813,-.111,.571);
			es = "Constant";
			ed = "In";
		};
		["Handle"] = {
			cf = cfr(.89,-.068,-1.088,.975,.137,.176,-.187,.932,.311,-.121,-.336,.934);
			es = "Constant";
			ed = "In";
		};
		["Head"] = {
			cf = cfr(0,0,0,.92,-.367,.136,.383,.916,-.119,-.081,.161,.984);
			es = "Constant";
			ed = "In";
		};
		["Right Leg"] = {
			cf = cfr(.332,.14,.233,.842,.22,-.492,-.109,.964,.243,.528,-.151,.836);
			es = "Constant";
			ed = "In";
		};
		["Left Arm"] = {
			cf = cfr(.531,-.374,.191,.133,.461,-.878,.388,.791,.474,.912,-.403,-.074);
			es = "Constant";
			ed = "In";
		};
	};
	{
		tm = 3.3;
		["Torso"] = {
			cf = cfr(0,0,0,.787,.616,-.038,-.615,.788,.035,.052,-.004,.999);
			es = "Constant";
			ed = "In";
		};
		["Left Leg"] = {
			cf = cfr(-.023,0,-.031,.98,-.084,.182,.064,.992,.111,-.19,-.098,.977);
			es = "Constant";
			ed = "In";
		};
		["Right Arm"] = {
			cf = cfr(.742,-1.393,.564,.296,-.259,-.92,.153,-.937,.313,-.943,-.233,-.238);
			es = "Constant";
			ed = "In";
		};
		["Handle"] = {
			cf = cfr(1.034,-.247,-.784,.359,-.732,.579,.759,.59,.275,-.543,.341,.767);
			es = "Constant";
			ed = "In";
		};
		["Head"] = {
			cf = cfr(0,0,0,.889,-.445,.106,.457,.854,-.247,.019,.268,.963);
			es = "Constant";
			ed = "In";
		};
		["Right Leg"] = {
			cf = cfr(.21,-.001,.196,.864,.085,-.496,-.041,.994,.099,.502,-.065,.863);
			es = "Constant";
			ed = "In";
		};
		["Left Arm"] = {
			cf = cfr(.318,.008,.006,-.023,.973,.229,-.58,.174,-.796,-.814,-.151,.56);
			es = "Constant";
			ed = "In";
		};
	};
}
