-- // converted using mech's animoduler
local cfr = CFrame.new

return {
	{
		tm = 0;
		["Torso"] = {
			cf = cfr(0,0,0,.996,0,.087,0,1,0,-.087,0,.996);
			es = "Constant";
			ed = "In";
		};
		["Right Arm"] = {
			cf = cfr(0,-.03,.228,1,0,0,0,.707,.707,0,-.707,.707);
			es = "Constant";
			ed = "In";
		};
	};
	{
		tm = .1;
		["Torso"] = {
			cf = cfr(0,0,0,.985,0,.174,0,1,0,-.174,0,.985);
			es = "Constant";
			ed = "In";
		};
		["Right Arm"] = {
			cf = cfr(0,.927,.679,1,0,0,0,-.999,.035,0,-.035,-.999);
			es = "Constant";
			ed = "In";
		};
	};
	{
		tm = .2;
		["Torso"] = {
			cf = cfr(0,0,0,.982,0,.191,0,1,0,-.191,0,.982);
			es = "Constant";
			ed = "In";
		};
		["Right Arm"] = {
			cf = cfr(0,.929,.664,1,0,0,0,-.999,-.052,0,.052,-.999);
			es = "Constant";
			ed = "In";
		};
	};
	{
		tm = .3;
		["Torso"] = {
			cf = cfr(0,0,0,.993,0,.122,0,1,0,-.122,0,.993);
			es = "Constant";
			ed = "In";
		};
		["Right Arm"] = {
			cf = cfr(0,.757,.964,1,0,0,0,-.99,.139,0,-.139,-.99);
			es = "Constant";
			ed = "In";
		};
	};
	{
		tm = .4;
		["Torso"] = {
			cf = cfr(0,0,0,1,0,.017,0,1,0,-.017,0,1);
			es = "Constant";
			ed = "In";
		};
		["Right Arm"] = {
			cf = cfr(0,.376,.931,1,0,0,0,-.883,.469,0,-.469,-.883);
			es = "Constant";
			ed = "In";
		};
	};
	{
		tm = .5;
		["Torso"] = {
			cf = cfr(0,0,0,1,0,.017,0,1,0,-.017,0,1);
			es = "Constant";
			ed = "In";
		};
		["Right Arm"] = {
			cf = cfr(0,.243,.961,1,0,0,0,-.788,.616,0,-.616,-.788);
			es = "Constant";
			ed = "In";
		};
	};
	{
		tm = .6;
		["Torso"] = {
			cf = cfr(0,0,0,.985,0,.174,0,1,0,-.174,0,.985);
			es = "Constant";
			ed = "In";
		};
		["Right Arm"] = {
			cf = cfr(0,.927,.679,1,0,0,0,-.999,.035,0,-.035,-.999);
			es = "Constant";
			ed = "In";
		};
	};
	{
		tm = .7;
		["Torso"] = {
			cf = cfr(0,0,0,.982,0,.191,0,1,0,-.191,0,.982);
			es = "Constant";
			ed = "In";
		};
		["Right Arm"] = {
			cf = cfr(0,.929,.664,1,0,0,0,-.999,-.052,0,.052,-.999);
			es = "Constant";
			ed = "In";
		};
	};
	{
		tm = .8;
		["Torso"] = {
			cf = cfr(0,0,0,.993,0,.122,0,1,0,-.122,0,.993);
			es = "Constant";
			ed = "In";
		};
		["Right Arm"] = {
			cf = cfr(0,.757,.964,1,0,0,0,-.99,.139,0,-.139,-.99);
			es = "Constant";
			ed = "In";
		};
	};
	{
		tm = .9;
		["Torso"] = {
			cf = cfr(0,0,0,1,0,.017,0,1,0,-.017,0,1);
			es = "Constant";
			ed = "In";
		};
		["Right Arm"] = {
			cf = cfr(0,.376,.931,1,0,0,0,-.883,.469,0,-.469,-.883);
			es = "Constant";
			ed = "In";
		};
	};
	{
		tm = 1.1;
		["Torso"] = {
			cf = cfr(0,0,0,1,0,.017,0,1,0,-.017,0,1);
			es = "Constant";
			ed = "In";
		};
		["Right Arm"] = {
			cf = cfr(0,.243,.961,1,0,0,0,-.788,.616,0,-.616,-.788);
			es = "Constant";
			ed = "In";
		};
	};
}
